# "DislocationAnalysis.counts.BCC" "DislocationAnalysis.counts.CubicDiamond" "DislocationAnalysis.counts.FCC" "DislocationAnalysis.counts.HCP" "DislocationAnalysis.counts.HexagonalDiamond" "DislocationAnalysis.counts.OTHER" "DislocationAnalysis.length.other" "DislocationAnalysis.total_line_length" "Timestep" "WignerSeitz.interstitial_count" "WignerSeitz.vacancy_count" "DislocationAnalysis.length.1/2<110>" "DislocationAnalysis.length.1/3<111>" "DislocationAnalysis.length.1/6<110>" "DislocationAnalysis.length.1/6<112>" "Frame" "SourceFrame"
0 64000 0 0 0 0 0 0 0 0 0 0 0 0 0 0 0 
0 64000 0 0 0 0 0 0 50 0 0 0 0 0 0 1 1 
0 64000 0 0 0 0 0 0 100 0 0 0 0 0 0 2 2 
0 64000 0 0 0 0 0 0 150 0 0 0 0 0 0 3 3 
0 64000 0 0 0 0 0 0 200 0 0 0 0 0 0 4 4 
0 64000 0 0 0 0 0 0 250 0 0 0 0 0 0 5 5 
0 64000 0 0 0 0 0 0 300 0 0 0 0 0 0 6 6 
0 64000 0 0 0 0 0 0 350 0 0 0 0 0 0 7 7 
0 64000 0 0 0 0 0 0 400 0 0 0 0 0 0 8 8 
0 64000 0 0 0 0 0 0 450 0 0 0 0 0 0 9 9 
0 64000 0 0 0 0 0 0 500 0 0 0 0 0 0 10 10 
0 64000 0 0 0 0 0 0 550 0 0 0 0 0 0 11 11 
0 64000 0 0 0 0 0 0 600 0 0 0 0 0 0 12 12 
0 64000 0 0 0 0 0 0 650 0 0 0 0 0 0 13 13 
0 64000 0 0 0 0 0 0 700 0 0 0 0 0 0 14 14 
0 64000 0 0 0 0 0 0 750 0 0 0 0 0 0 15 15 
0 64000 0 0 0 0 0 0 800 0 0 0 0 0 0 16 16 
0 64000 0 0 0 0 0 0 850 0 0 0 0 0 0 17 17 
0 64000 0 0 0 0 0 0 900 0 0 0 0 0 0 18 18 
0 64000 0 0 0 0 0 0 950 0 0 0 0 0 0 19 19 
0 64000 0 0 0 0 0 0 1000 0 0 0 0 0 0 20 20 
0 64000 0 0 0 0 0 0 1050 0 0 0 0 0 0 21 21 
0 64000 0 0 0 0 0 0 1100 0 0 0 0 0 0 22 22 
0 64000 0 0 0 0 0 0 1150 0 0 0 0 0 0 23 23 
0 64000 0 0 0 0 0 0 1200 0 0 0 0 0 0 24 24 
0 64000 0 0 0 0 0 0 1250 0 0 0 0 0 0 25 25 
0 64000 0 0 0 0 0 0 1300 0 0 0 0 0 0 26 26 
0 64000 0 0 0 0 0 0 1350 0 0 0 0 0 0 27 27 
0 64000 0 0 0 0 0 0 1400 0 0 0 0 0 0 28 28 
0 64000 0 0 0 0 0 0 1450 0 0 0 0 0 0 29 29 
0 64000 0 0 0 0 0 0 1500 0 0 0 0 0 0 30 30 
0 64000 0 0 0 0 0 0 1550 0 0 0 0 0 0 31 31 
0 64000 0 0 0 0 0 0 1600 0 0 0 0 0 0 32 32 
0 64000 0 0 0 0 0 0 1650 0 0 0 0 0 0 33 33 
0 64000 0 0 0 0 0 0 1700 0 0 0 0 0 0 34 34 
0 64000 0 0 0 0 0 0 1750 0 0 0 0 0 0 35 35 
0 64000 0 0 0 0 0 0 1800 0 0 0 0 0 0 36 36 
0 64000 0 0 0 0 0 0 1850 0 0 0 0 0 0 37 37 
0 64000 0 0 0 0 0 0 1900 0 0 0 0 0 0 38 38 
0 64000 0 0 0 0 0 0 1950 0 0 0 0 0 0 39 39 
0 64000 0 0 0 0 0 0 2000 0 0 0 0 0 0 40 40 
0 64000 0 0 0 0 0 0 2050 0 0 0 0 0 0 41 41 
0 64000 0 0 0 0 0 0 2100 0 0 0 0 0 0 42 42 
0 64000 0 0 0 0 0 0 2150 0 0 0 0 0 0 43 43 
0 64000 0 0 0 0 0 0 2200 0 0 0 0 0 0 44 44 
0 64000 0 0 0 0 0 0 2250 0 0 0 0 0 0 45 45 
0 64000 0 0 0 0 0 0 2300 0 0 0 0 0 0 46 46 
0 64000 0 0 0 0 0 0 2350 0 0 0 0 0 0 47 47 
0 64000 0 0 0 0 0 0 2400 0 0 0 0 0 0 48 48 
0 64000 0 0 0 0 0 0 2450 0 0 0 0 0 0 49 49 
0 64000 0 0 0 0 0 0 2500 0 0 0 0 0 0 50 50 
0 64000 0 0 0 0 0 0 2550 0 0 0 0 0 0 51 51 
0 64000 0 0 0 0 0 0 2600 0 0 0 0 0 0 52 52 
0 64000 0 0 0 0 0 0 2650 0 0 0 0 0 0 53 53 
0 64000 0 0 0 0 0 0 2700 0 0 0 0 0 0 54 54 
0 64000 0 0 0 0 0 0 2750 0 0 0 0 0 0 55 55 
0 64000 0 0 0 0 0 0 2800 0 0 0 0 0 0 56 56 
0 64000 0 0 0 0 0 0 2850 0 0 0 0 0 0 57 57 
0 64000 0 0 0 0 0 0 2900 0 0 0 0 0 0 58 58 
0 64000 0 0 0 0 0 0 2950 0 0 0 0 0 0 59 59 
0 64000 0 0 0 0 0 0 3000 0 0 0 0 0 0 60 60 
0 64000 0 0 0 0 0 0 3050 0 0 0 0 0 0 61 61 
0 64000 0 0 0 0 0 0 3100 0 0 0 0 0 0 62 62 
0 64000 0 0 0 0 0 0 3150 0 0 0 0 0 0 63 63 
0 64000 0 0 0 0 0 0 3200 0 0 0 0 0 0 64 64 
0 64000 0 0 0 0 0 0 3250 0 0 0 0 0 0 65 65 
0 64000 0 0 0 0 0 0 3300 0 0 0 0 0 0 66 66 
0 64000 0 0 0 0 0 0 3350 0 0 0 0 0 0 67 67 
0 64000 0 0 0 0 0 0 3400 0 0 0 0 0 0 68 68 
0 64000 0 0 0 0 0 0 3450 0 0 0 0 0 0 69 69 
0 64000 0 0 0 0 0 0 3500 0 0 0 0 0 0 70 70 
0 64000 0 0 0 0 0 0 3550 0 0 0 0 0 0 71 71 
0 64000 0 0 0 0 0 0 3600 0 0 0 0 0 0 72 72 
0 64000 0 0 0 0 0 0 3650 0 0 0 0 0 0 73 73 
0 64000 0 0 0 0 0 0 3700 0 0 0 0 0 0 74 74 
0 64000 0 0 0 0 0 0 3750 0 0 0 0 0 0 75 75 
0 64000 0 0 0 0 0 0 3800 0 0 0 0 0 0 76 76 
0 64000 0 0 0 0 0 0 3850 0 0 0 0 0 0 77 77 
0 64000 0 0 0 0 0 0 3900 0 0 0 0 0 0 78 78 
0 64000 0 0 0 0 0 0 3950 0 0 0 0 0 0 79 79 
0 64000 0 0 0 0 0 0 4000 0 0 0 0 0 0 80 80 
0 64000 0 0 0 0 0 0 4050 0 0 0 0 0 0 81 81 
0 64000 0 0 0 0 0 0 4100 0 0 0 0 0 0 82 82 
0 64000 0 0 0 0 0 0 4150 0 0 0 0 0 0 83 83 
0 64000 0 0 0 0 0 0 4200 0 0 0 0 0 0 84 84 
0 64000 0 0 0 0 0 0 4250 0 0 0 0 0 0 85 85 
0 64000 0 0 0 0 0 0 4300 0 0 0 0 0 0 86 86 
0 64000 0 0 0 0 0 0 4350 0 0 0 0 0 0 87 87 
0 64000 0 0 0 0 0 0 4400 0 0 0 0 0 0 88 88 
0 64000 0 0 0 0 0 0 4450 0 0 0 0 0 0 89 89 
0 64000 0 0 0 0 0 0 4500 0 0 0 0 0 0 90 90 
0 64000 0 0 0 0 0 0 4550 0 0 0 0 0 0 91 91 
0 64000 0 0 0 0 0 0 4600 0 0 0 0 0 0 92 92 
0 64000 0 0 0 0 0 0 4650 0 0 0 0 0 0 93 93 
0 64000 0 0 0 0 0 0 4700 0 0 0 0 0 0 94 94 
0 64000 0 0 0 0 0 0 4750 0 0 0 0 0 0 95 95 
0 64000 0 0 0 0 0 0 4800 0 0 0 0 0 0 96 96 
0 64000 0 0 0 0 0 0 4850 0 0 0 0 0 0 97 97 
0 64000 0 0 0 0 0 0 4900 0 0 0 0 0 0 98 98 
0 64000 0 0 0 0 0 0 4950 0 0 0 0 0 0 99 99 
0 64000 0 0 0 0 0 0 5000 0 0 0 0 0 0 100 100 
0 64000 0 0 0 0 0 0 5050 0 0 0 0 0 0 101 101 
0 64000 0 0 0 0 0 0 5100 0 0 0 0 0 0 102 102 
0 64000 0 0 0 0 0 0 5150 0 0 0 0 0 0 103 103 
0 64000 0 0 0 0 0 0 5200 0 0 0 0 0 0 104 104 
0 64000 0 0 0 0 0 0 5250 0 0 0 0 0 0 105 105 
0 64000 0 0 0 0 0 0 5300 0 0 0 0 0 0 106 106 
0 64000 0 0 0 0 0 0 5350 0 0 0 0 0 0 107 107 
0 64000 0 0 0 0 0 0 5400 0 0 0 0 0 0 108 108 
0 64000 0 0 0 0 0 0 5450 0 0 0 0 0 0 109 109 
0 64000 0 0 0 0 0 0 5500 0 0 0 0 0 0 110 110 
0 64000 0 0 0 0 0 0 5550 0 0 0 0 0 0 111 111 
0 64000 0 0 0 0 0 0 5600 0 0 0 0 0 0 112 112 
0 64000 0 0 0 0 0 0 5650 0 0 0 0 0 0 113 113 
0 64000 0 0 0 0 0 0 5700 0 0 0 0 0 0 114 114 
0 64000 0 0 0 0 0 0 5750 0 0 0 0 0 0 115 115 
0 64000 0 0 0 0 0 0 5800 0 0 0 0 0 0 116 116 
0 64000 0 0 0 0 0 0 5850 0 0 0 0 0 0 117 117 
0 64000 0 0 0 0 0 0 5900 0 0 0 0 0 0 118 118 
0 64000 0 0 0 0 0 0 5950 0 0 0 0 0 0 119 119 
0 64000 0 0 0 0 0 0 6000 0 0 0 0 0 0 120 120 
0 64000 0 0 0 0 0 0 6050 0 0 0 0 0 0 121 121 
0 64000 0 0 0 0 0 0 6100 0 0 0 0 0 0 122 122 
0 64000 0 0 0 0 0 0 6150 0 0 0 0 0 0 123 123 
0 64000 0 0 0 0 0 0 6200 0 0 0 0 0 0 124 124 
0 64000 0 0 0 0 0 0 6250 0 0 0 0 0 0 125 125 
0 64000 0 0 0 0 0 0 6300 0 0 0 0 0 0 126 126 
0 64000 0 0 0 0 0 0 6350 0 0 0 0 0 0 127 127 
0 64000 0 0 0 0 0 0 6400 0 0 0 0 0 0 128 128 
0 64000 0 0 0 0 0 0 6450 0 0 0 0 0 0 129 129 
0 64000 0 0 0 0 0 0 6500 0 0 0 0 0 0 130 130 
0 64000 0 0 0 0 0 0 6550 0 0 0 0 0 0 131 131 
0 64000 0 0 0 0 0 0 6600 0 0 0 0 0 0 132 132 
0 64000 0 0 0 0 0 0 6650 0 0 0 0 0 0 133 133 
0 64000 0 0 0 0 0 0 6700 0 0 0 0 0 0 134 134 
0 64000 0 0 0 0 0 0 6750 0 0 0 0 0 0 135 135 
0 64000 0 0 0 0 0 0 6800 0 0 0 0 0 0 136 136 
0 64000 0 0 0 0 0 0 6850 0 0 0 0 0 0 137 137 
0 64000 0 0 0 0 0 0 6900 0 0 0 0 0 0 138 138 
0 64000 0 0 0 0 0 0 6950 0 0 0 0 0 0 139 139 
0 64000 0 0 0 0 0 0 7000 0 0 0 0 0 0 140 140 
0 64000 0 0 0 0 0 0 7050 0 0 0 0 0 0 141 141 
0 64000 0 0 0 0 0 0 7100 0 0 0 0 0 0 142 142 
0 64000 0 0 0 0 0 0 7150 0 0 0 0 0 0 143 143 
0 64000 0 0 0 0 0 0 7200 0 0 0 0 0 0 144 144 
0 64000 0 0 0 0 0 0 7250 0 0 0 0 0 0 145 145 
0 64000 0 0 0 0 0 0 7300 0 0 0 0 0 0 146 146 
0 64000 0 0 0 0 0 0 7350 0 0 0 0 0 0 147 147 
0 64000 0 0 0 0 0 0 7400 0 0 0 0 0 0 148 148 
0 64000 0 0 0 0 0 0 7450 0 0 0 0 0 0 149 149 
0 64000 0 0 0 0 0 0 7500 0 0 0 0 0 0 150 150 
0 64000 0 0 0 0 0 0 7550 0 0 0 0 0 0 151 151 
0 64000 0 0 0 0 0 0 7600 0 0 0 0 0 0 152 152 
0 64000 0 0 0 0 0 0 7650 0 0 0 0 0 0 153 153 
0 64000 0 0 0 0 0 0 7700 0 0 0 0 0 0 154 154 
0 64000 0 0 0 0 0 0 7750 0 0 0 0 0 0 155 155 
0 64000 0 0 0 0 0 0 7800 0 0 0 0 0 0 156 156 
0 64000 0 0 0 0 0 0 7850 0 0 0 0 0 0 157 157 
0 64000 0 0 0 0 0 0 7900 0 0 0 0 0 0 158 158 
0 64000 0 0 0 0 0 0 7950 0 0 0 0 0 0 159 159 
0 64000 0 0 0 0 0 0 8000 0 0 0 0 0 0 160 160 
0 64000 0 0 0 0 0 0 8050 0 0 0 0 0 0 161 161 
0 64000 0 0 0 0 0 0 8100 0 0 0 0 0 0 162 162 
0 64000 0 0 0 0 0 0 8150 0 0 0 0 0 0 163 163 
0 64000 0 0 0 0 0 0 8200 0 0 0 0 0 0 164 164 
0 64000 0 0 0 0 0 0 8250 0 0 0 0 0 0 165 165 
0 64000 0 0 0 0 0 0 8300 0 0 0 0 0 0 166 166 
0 64000 0 0 0 0 0 0 8350 0 0 0 0 0 0 167 167 
0 64000 0 0 0 0 0 0 8400 0 0 0 0 0 0 168 168 
0 64000 0 0 0 0 0 0 8450 0 0 0 0 0 0 169 169 
0 64000 0 0 0 0 0 0 8500 0 0 0 0 0 0 170 170 
0 64000 0 0 0 0 0 0 8550 0 0 0 0 0 0 171 171 
0 64000 0 0 0 0 0 0 8600 0 0 0 0 0 0 172 172 
0 64000 0 0 0 0 0 0 8650 0 0 0 0 0 0 173 173 
0 64000 0 0 0 0 0 0 8700 0 0 0 0 0 0 174 174 
0 64000 0 0 0 0 0 0 8750 0 0 0 0 0 0 175 175 
0 64000 0 0 0 0 0 0 8800 0 0 0 0 0 0 176 176 
0 64000 0 0 0 0 0 0 8850 0 0 0 0 0 0 177 177 
0 64000 0 0 0 0 0 0 8900 0 0 0 0 0 0 178 178 
0 64000 0 0 0 0 0 0 8950 0 0 0 0 0 0 179 179 
0 64000 0 0 0 0 0 0 9000 0 0 0 0 0 0 180 180 
0 64000 0 0 0 0 0 0 9050 0 0 0 0 0 0 181 181 
0 64000 0 0 0 0 0 0 9100 0 0 0 0 0 0 182 182 
0 64000 0 0 0 0 0 0 9150 0 0 0 0 0 0 183 183 
0 64000 0 0 0 0 0 0 9200 0 0 0 0 0 0 184 184 
0 64000 0 0 0 0 0 0 9250 0 0 0 0 0 0 185 185 
0 64000 0 0 0 0 0 0 9300 0 0 0 0 0 0 186 186 
0 64000 0 0 0 0 0 0 9350 0 0 0 0 0 0 187 187 
0 64000 0 0 0 0 0 0 9400 0 0 0 0 0 0 188 188 
0 64000 0 0 0 0 0 0 9450 0 0 0 0 0 0 189 189 
0 64000 0 0 0 0 0 0 9500 0 0 0 0 0 0 190 190 
0 64000 0 0 0 0 0 0 9550 0 0 0 0 0 0 191 191 
0 64000 0 0 0 0 0 0 9600 0 0 0 0 0 0 192 192 
0 64000 0 0 0 0 0 0 9650 0 0 0 0 0 0 193 193 
0 64000 0 0 0 0 0 0 9700 0 0 0 0 0 0 194 194 
0 64000 0 0 0 0 0 0 9750 0 0 0 0 0 0 195 195 
0 64000 0 0 0 0 0 0 9800 0 0 0 0 0 0 196 196 
0 64000 0 0 0 0 0 0 9850 0 0 0 0 0 0 197 197 
0 64000 0 0 0 0 0 0 9900 0 0 0 0 0 0 198 198 
0 64000 0 0 0 0 0 0 9950 0 0 0 0 0 0 199 199 
0 64000 0 0 0 0 0 0 10000 0 0 0 0 0 0 200 200 
0 64000 0 0 0 0 0 0 10050 0 0 0 0 0 0 201 201 
0 64000 0 0 0 0 0 0 10100 0 0 0 0 0 0 202 202 
0 64000 0 0 0 0 0 0 10150 0 0 0 0 0 0 203 203 
0 64000 0 0 0 0 0 0 10200 0 0 0 0 0 0 204 204 
0 64000 0 0 0 0 0 0 10250 0 0 0 0 0 0 205 205 
0 64000 0 0 0 0 0 0 10300 0 0 0 0 0 0 206 206 
0 64000 0 0 0 0 0 0 10350 0 0 0 0 0 0 207 207 
0 64000 0 0 0 0 0 0 10400 0 0 0 0 0 0 208 208 
0 64000 0 0 0 0 0 0 10450 0 0 0 0 0 0 209 209 
0 64000 0 0 0 0 0 0 10500 0 0 0 0 0 0 210 210 
0 64000 0 0 0 0 0 0 10550 0 0 0 0 0 0 211 211 
0 64000 0 0 0 0 0 0 10600 0 0 0 0 0 0 212 212 
0 64000 0 0 0 0 0 0 10650 0 0 0 0 0 0 213 213 
0 64000 0 0 0 0 0 0 10700 0 0 0 0 0 0 214 214 
0 64000 0 0 0 0 0 0 10750 0 0 0 0 0 0 215 215 
0 64000 0 0 0 0 0 0 10800 0 0 0 0 0 0 216 216 
0 64000 0 0 0 0 0 0 10850 0 0 0 0 0 0 217 217 
0 64000 0 0 0 0 0 0 10900 0 0 0 0 0 0 218 218 
0 64000 0 0 0 0 0 0 10950 0 0 0 0 0 0 219 219 
0 64000 0 0 0 0 0 0 11000 0 0 0 0 0 0 220 220 
0 64000 0 0 0 0 0 0 11050 0 0 0 0 0 0 221 221 
0 64000 0 0 0 0 0 0 11100 0 0 0 0 0 0 222 222 
0 64000 0 0 0 0 0 0 11150 0 0 0 0 0 0 223 223 
0 64000 0 0 0 0 0 0 11200 0 0 0 0 0 0 224 224 
0 64000 0 0 0 0 0 0 11250 0 0 0 0 0 0 225 225 
0 64000 0 0 0 0 0 0 11300 0 0 0 0 0 0 226 226 
0 64000 0 0 0 0 0 0 11350 0 0 0 0 0 0 227 227 
0 64000 0 0 0 0 0 0 11400 0 0 0 0 0 0 228 228 
0 64000 0 0 0 0 0 0 11450 0 0 0 0 0 0 229 229 
0 64000 0 0 0 0 0 0 11500 0 0 0 0 0 0 230 230 
0 64000 0 0 0 0 0 0 11550 0 0 0 0 0 0 231 231 
0 64000 0 0 0 0 0 0 11600 0 0 0 0 0 0 232 232 
0 64000 0 0 0 0 0 0 11650 0 0 0 0 0 0 233 233 
0 64000 0 0 0 0 0 0 11700 0 0 0 0 0 0 234 234 
0 64000 0 0 0 0 0 0 11750 0 0 0 0 0 0 235 235 
0 64000 0 0 0 0 0 0 11800 0 0 0 0 0 0 236 236 
0 64000 0 0 0 0 0 0 11850 0 0 0 0 0 0 237 237 
0 64000 0 0 0 0 0 0 11900 0 0 0 0 0 0 238 238 
0 64000 0 0 0 0 0 0 11950 0 0 0 0 0 0 239 239 
0 64000 0 0 0 0 0 0 12000 0 0 0 0 0 0 240 240 
0 64000 0 0 0 0 0 0 12050 0 0 0 0 0 0 241 241 
0 64000 0 0 0 0 0 0 12100 0 0 0 0 0 0 242 242 
0 64000 0 0 0 0 0 0 12150 0 0 0 0 0 0 243 243 
0 64000 0 0 0 0 0 0 12200 0 0 0 0 0 0 244 244 
0 64000 0 0 0 0 0 0 12250 0 0 0 0 0 0 245 245 
0 64000 0 0 0 0 0 0 12300 0 0 0 0 0 0 246 246 
0 64000 0 0 0 0 0 0 12350 0 0 0 0 0 0 247 247 
0 64000 0 0 0 0 0 0 12400 0 0 0 0 0 0 248 248 
0 64000 0 0 0 0 0 0 12450 0 0 0 0 0 0 249 249 
0 64000 0 0 0 0 0 0 12500 0 0 0 0 0 0 250 250 
0 64000 0 0 0 0 0 0 12550 0 0 0 0 0 0 251 251 
0 64000 0 0 0 0 0 0 12600 0 0 0 0 0 0 252 252 
0 64000 0 0 0 0 0 0 12650 0 0 0 0 0 0 253 253 
0 64000 0 0 0 0 0 0 12700 0 0 0 0 0 0 254 254 
0 64000 0 0 0 0 0 0 12750 0 0 0 0 0 0 255 255 
0 64000 0 0 0 0 0 0 12800 0 0 0 0 0 0 256 256 
0 64000 0 0 0 0 0 0 12850 0 0 0 0 0 0 257 257 
0 64000 0 0 0 0 0 0 12900 0 0 0 0 0 0 258 258 
0 64000 0 0 0 0 0 0 12950 0 0 0 0 0 0 259 259 
0 64000 0 0 0 0 0 0 13000 0 0 0 0 0 0 260 260 
0 64000 0 0 0 0 0 0 13050 0 0 0 0 0 0 261 261 
0 64000 0 0 0 0 0 0 13100 0 0 0 0 0 0 262 262 
0 64000 0 0 0 0 0 0 13150 0 0 0 0 0 0 263 263 
0 64000 0 0 0 0 0 0 13200 0 0 0 0 0 0 264 264 
0 64000 0 0 0 0 0 0 13250 0 0 0 0 0 0 265 265 
0 64000 0 0 0 0 0 0 13300 0 0 0 0 0 0 266 266 
0 64000 0 0 0 0 0 0 13350 0 0 0 0 0 0 267 267 
0 64000 0 0 0 0 0 0 13400 0 0 0 0 0 0 268 268 
0 64000 0 0 0 0 0 0 13450 0 0 0 0 0 0 269 269 
0 64000 0 0 0 0 0 0 13500 0 0 0 0 0 0 270 270 
0 64000 0 0 0 0 0 0 13550 0 0 0 0 0 0 271 271 
0 64000 0 0 0 0 0 0 13600 0 0 0 0 0 0 272 272 
0 64000 0 0 0 0 0 0 13650 0 0 0 0 0 0 273 273 
0 64000 0 0 0 0 0 0 13700 0 0 0 0 0 0 274 274 
0 64000 0 0 0 0 0 0 13750 0 0 0 0 0 0 275 275 
0 64000 0 0 0 0 0 0 13800 0 0 0 0 0 0 276 276 
0 64000 0 0 0 0 0 0 13850 0 0 0 0 0 0 277 277 
0 64000 0 0 0 0 0 0 13900 0 0 0 0 0 0 278 278 
0 64000 0 0 0 0 0 0 13950 0 0 0 0 0 0 279 279 
0 64000 0 0 0 0 0 0 14000 0 0 0 0 0 0 280 280 
0 64000 0 0 0 0 0 0 14050 0 0 0 0 0 0 281 281 
0 64000 0 0 0 0 0 0 14100 0 0 0 0 0 0 282 282 
0 64000 0 0 0 0 0 0 14150 0 0 0 0 0 0 283 283 
0 64000 0 0 0 0 0 0 14200 0 0 0 0 0 0 284 284 
0 64000 0 0 0 0 0 0 14250 0 0 0 0 0 0 285 285 
0 64000 0 0 0 0 0 0 14300 0 0 0 0 0 0 286 286 
0 64000 0 0 0 0 0 0 14350 0 0 0 0 0 0 287 287 
0 64000 0 0 0 0 0 0 14400 0 0 0 0 0 0 288 288 
0 64000 0 0 0 0 0 0 14450 0 0 0 0 0 0 289 289 
0 64000 0 0 0 0 0 0 14500 0 0 0 0 0 0 290 290 
0 64000 0 0 0 0 0 0 14550 0 0 0 0 0 0 291 291 
0 64000 0 0 0 0 0 0 14600 0 0 0 0 0 0 292 292 
0 64000 0 0 0 0 0 0 14650 0 0 0 0 0 0 293 293 
0 64000 0 0 0 0 0 0 14700 0 0 0 0 0 0 294 294 
0 64000 0 0 0 0 0 0 14750 0 0 0 0 0 0 295 295 
0 64000 0 0 0 0 0 0 14800 0 0 0 0 0 0 296 296 
0 64000 0 0 0 0 0 0 14850 0 0 0 0 0 0 297 297 
0 64000 0 0 0 0 0 0 14900 0 0 0 0 0 0 298 298 
0 64000 0 0 0 0 0 0 14950 0 0 0 0 0 0 299 299 
0 64000 0 0 0 0 0 0 15000 0 0 0 0 0 0 300 300 
0 64000 0 0 0 0 0 0 15050 0 0 0 0 0 0 301 301 
0 64000 0 0 0 0 0 0 15100 0 0 0 0 0 0 302 302 
0 64000 0 0 0 0 0 0 15150 0 0 0 0 0 0 303 303 
0 64000 0 0 0 0 0 0 15200 0 0 0 0 0 0 304 304 
0 64000 0 0 0 0 0 0 15250 0 0 0 0 0 0 305 305 
0 64000 0 0 0 0 0 0 15300 0 0 0 0 0 0 306 306 
0 64000 0 0 0 0 0 0 15350 0 0 0 0 0 0 307 307 
0 64000 0 0 0 0 0 0 15400 0 0 0 0 0 0 308 308 
0 64000 0 0 0 0 0 0 15450 0 0 0 0 0 0 309 309 
0 64000 0 0 0 0 0 0 15500 0 0 0 0 0 0 310 310 
0 64000 0 0 0 0 0 0 15550 0 0 0 0 0 0 311 311 
0 64000 0 0 0 0 0 0 15600 0 0 0 0 0 0 312 312 
0 64000 0 0 0 0 0 0 15650 0 0 0 0 0 0 313 313 
0 64000 0 0 0 0 0 0 15700 0 0 0 0 0 0 314 314 
0 64000 0 0 0 0 0 0 15750 0 0 0 0 0 0 315 315 
0 64000 0 0 0 0 0 0 15800 0 0 0 0 0 0 316 316 
0 64000 0 0 0 0 0 0 15850 0 0 0 0 0 0 317 317 
0 64000 0 0 0 0 0 0 15900 0 0 0 0 0 0 318 318 
0 64000 0 0 0 0 0 0 15950 0 0 0 0 0 0 319 319 
0 64000 0 0 0 0 0 0 16000 0 0 0 0 0 0 320 320 
0 64000 0 0 0 0 0 0 16050 0 0 0 0 0 0 321 321 
0 64000 0 0 0 0 0 0 16100 0 0 0 0 0 0 322 322 
0 64000 0 0 0 0 0 0 16150 0 0 0 0 0 0 323 323 
0 64000 0 0 0 0 0 0 16200 0 0 0 0 0 0 324 324 
0 64000 0 0 0 0 0 0 16250 0 0 0 0 0 0 325 325 
0 64000 0 0 0 0 0 0 16300 0 0 0 0 0 0 326 326 
0 64000 0 0 0 0 0 0 16350 0 0 0 0 0 0 327 327 
0 64000 0 0 0 0 0 0 16400 0 0 0 0 0 0 328 328 
0 64000 0 0 0 0 0 0 16450 0 0 0 0 0 0 329 329 
0 64000 0 0 0 0 0 0 16500 0 0 0 0 0 0 330 330 
0 64000 0 0 0 0 0 0 16550 0 0 0 0 0 0 331 331 
0 64000 0 0 0 0 0 0 16600 0 0 0 0 0 0 332 332 
0 64000 0 0 0 0 0 0 16650 0 0 0 0 0 0 333 333 
0 64000 0 0 0 0 0 0 16700 0 0 0 0 0 0 334 334 
0 64000 0 0 0 0 0 0 16750 0 0 0 0 0 0 335 335 
0 64000 0 0 0 0 0 0 16800 0 0 0 0 0 0 336 336 
0 64000 0 0 0 0 0 0 16850 0 0 0 0 0 0 337 337 
0 64000 0 0 0 0 0 0 16900 0 0 0 0 0 0 338 338 
0 64000 0 0 0 0 0 0 16950 0 0 0 0 0 0 339 339 
0 64000 0 0 0 0 0 0 17000 0 0 0 0 0 0 340 340 
0 64000 0 0 0 0 0 0 17050 0 0 0 0 0 0 341 341 
0 64000 0 0 0 0 0 0 17100 0 0 0 0 0 0 342 342 
0 64000 0 0 0 0 0 0 17150 0 0 0 0 0 0 343 343 
0 64000 0 0 0 0 0 0 17200 0 0 0 0 0 0 344 344 
0 64000 0 0 0 0 0 0 17250 0 0 0 0 0 0 345 345 
0 64000 0 0 0 0 0 0 17300 0 0 0 0 0 0 346 346 
0 64000 0 0 0 0 0 0 17350 0 0 0 0 0 0 347 347 
0 64000 0 0 0 0 0 0 17400 0 0 0 0 0 0 348 348 
0 64000 0 0 0 0 0 0 17450 0 0 0 0 0 0 349 349 
0 64000 0 0 0 0 0 0 17500 0 0 0 0 0 0 350 350 
0 64000 0 0 0 0 0 0 17550 0 0 0 0 0 0 351 351 
0 64000 0 0 0 0 0 0 17600 0 0 0 0 0 0 352 352 
0 64000 0 0 0 0 0 0 17650 0 0 0 0 0 0 353 353 
0 64000 0 0 0 0 0 0 17700 0 0 0 0 0 0 354 354 
0 64000 0 0 0 0 0 0 17750 0 0 0 0 0 0 355 355 
0 64000 0 0 0 0 0 0 17800 0 0 0 0 0 0 356 356 
0 64000 0 0 0 0 0 0 17850 0 0 0 0 0 0 357 357 
0 64000 0 0 0 0 0 0 17900 0 0 0 0 0 0 358 358 
0 64000 0 0 0 0 0 0 17950 0 0 0 0 0 0 359 359 
0 64000 0 0 0 0 0 0 18000 0 0 0 0 0 0 360 360 
0 64000 0 0 0 0 0 0 18050 0 0 0 0 0 0 361 361 
0 64000 0 0 0 0 0 0 18100 0 0 0 0 0 0 362 362 
0 64000 0 0 0 0 0 0 18150 0 0 0 0 0 0 363 363 
0 64000 0 0 0 0 0 0 18200 0 0 0 0 0 0 364 364 
0 64000 0 0 0 0 0 0 18250 0 0 0 0 0 0 365 365 
0 64000 0 0 0 0 0 0 18300 0 0 0 0 0 0 366 366 
0 64000 0 0 0 0 0 0 18350 0 0 0 0 0 0 367 367 
0 64000 0 0 0 0 0 0 18400 0 0 0 0 0 0 368 368 
0 64000 0 0 0 0 0 0 18450 0 0 0 0 0 0 369 369 
0 64000 0 0 0 0 0 0 18500 0 0 0 0 0 0 370 370 
0 64000 0 0 0 0 0 0 18550 0 0 0 0 0 0 371 371 
0 64000 0 0 0 0 0 0 18600 0 0 0 0 0 0 372 372 
0 64000 0 0 0 0 0 0 18650 0 0 0 0 0 0 373 373 
0 64000 0 0 0 0 0 0 18700 0 0 0 0 0 0 374 374 
0 64000 0 0 0 0 0 0 18750 0 0 0 0 0 0 375 375 
0 64000 0 0 0 0 0 0 18800 0 0 0 0 0 0 376 376 
0 64000 0 0 0 0 0 0 18850 0 0 0 0 0 0 377 377 
0 64000 0 0 0 0 0 0 18900 0 0 0 0 0 0 378 378 
0 64000 0 0 0 0 0 0 18950 0 0 0 0 0 0 379 379 
0 64000 0 0 0 0 0 0 19000 0 0 0 0 0 0 380 380 
0 64000 0 0 0 0 0 0 19050 0 0 0 0 0 0 381 381 
0 64000 0 0 0 0 0 0 19100 0 0 0 0 0 0 382 382 
0 64000 0 0 0 0 0 0 19150 0 0 0 0 0 0 383 383 
0 64000 0 0 0 0 0 0 19200 0 0 0 0 0 0 384 384 
0 64000 0 0 0 0 0 0 19250 0 0 0 0 0 0 385 385 
0 64000 0 0 0 0 0 0 19300 0 0 0 0 0 0 386 386 
0 64000 0 0 0 0 0 0 19350 0 0 0 0 0 0 387 387 
0 64000 0 0 0 0 0 0 19400 0 0 0 0 0 0 388 388 
0 64000 0 0 0 0 0 0 19450 0 0 0 0 0 0 389 389 
0 64000 0 0 0 0 0 0 19500 0 0 0 0 0 0 390 390 
0 64000 0 0 0 0 0 0 19550 0 0 0 0 0 0 391 391 
0 64000 0 0 0 0 0 0 19600 0 0 0 0 0 0 392 392 
0 64000 0 0 0 0 0 0 19650 0 0 0 0 0 0 393 393 
0 64000 0 0 0 0 0 0 19700 0 0 0 0 0 0 394 394 
0 64000 0 0 0 0 0 0 19750 0 0 0 0 0 0 395 395 
0 64000 0 0 0 0 0 0 19800 0 0 0 0 0 0 396 396 
0 64000 0 0 0 0 0 0 19850 0 0 0 0 0 0 397 397 
0 64000 0 0 0 0 0 0 19900 0 0 0 0 0 0 398 398 
0 64000 0 0 0 0 0 0 19950 0 0 0 0 0 0 399 399 
0 64000 0 0 0 0 0 0 20000 0 0 0 0 0 0 400 400 
0 63975 0 0 0 25 0 0 20050 1 1 0 0 0 0 401 401 
0 63966 0 0 0 34 0 0 20100 1 1 0 0 0 0 402 402 
0 63952 0 0 0 48 0 0 20150 2 2 0 0 0 0 403 403 
0 63936 0 0 0 64 0 0 20200 2 2 0 0 0 0 404 404 
0 63908 0 0 0 92 0 0 20250 3 3 0 0 0 0 405 405 
0 63892 0 0 0 108 0 0 20300 3 3 0 0 0 0 406 406 
0 63863 0 0 0 137 0 0 20350 3 3 0 0 0 0 407 407 
0 63837 0 0 0 163 0 0 20400 4 4 0 0 0 0 408 408 
0 63809 0 0 0 191 0 0 20450 4 4 0 0 0 0 409 409 
0 63786 0 0 0 214 0 0 20500 6 6 0 0 0 0 410 410 
0 63753 0 0 0 247 0 0 20550 8 8 0 0 0 0 411 411 
0 63717 0 0 0 283 0 0 20600 7 7 0 0 0 0 412 412 
0 63687 0 0 0 313 0 0 20650 8 8 0 0 0 0 413 413 
0 63673 0 0 0 327 0 0 20700 9 9 0 0 0 0 414 414 
0 63649 0 0 0 351 0 0 20750 11 11 0 0 0 0 415 415 
0 63631 0 0 0 369 0 0 20800 10 10 0 0 0 0 416 416 
0 63614 0 0 0 386 0 0 20850 11 11 0 0 0 0 417 417 
0 63591 0 0 0 409 0 0 20900 13 13 0 0 0 0 418 418 
0 63590 0 0 0 410 0 0 20950 12 12 0 0 0 0 419 419 
0 63578 0 0 0 422 0 0 21000 12 12 0 0 0 0 420 420 
0 63565 0 0 0 435 0 0 21050 12 12 0 0 0 0 421 421 
0 63593 0 0 0 407 0 0 21100 16 16 0 0 0 0 422 422 
0 63595 0 0 0 405 0 0 21150 12 12 0 0 0 0 423 423 
0 63610 0 0 0 390 0 0 21200 12 12 0 0 0 0 424 424 
0 63643 0 0 0 357 0 0 21250 13 13 0 0 0 0 425 425 
0 63644 0 0 0 356 0 0 21300 12 12 0 0 0 0 426 426 
0 63643 0 0 0 357 0 0 21350 12 12 0 0 0 0 427 427 
0 63645 0 0 0 355 0 0 21400 11 11 0 0 0 0 428 428 
0 63644 0 0 0 356 0 0 21450 11 11 0 0 0 0 429 429 
0 63681 0 0 0 319 0 0 21500 12 12 0 0 0 0 430 430 
0 63686 0 0 0 314 0 0 21550 10 10 0 0 0 0 431 431 
0 63684 0 0 0 316 0 0 21600 9 9 0 0 0 0 432 432 
0 63678 0 0 0 322 0 0 21650 9 9 0 0 0 0 433 433 
0 63700 0 0 0 300 0 0 21700 8 8 0 0 0 0 434 434 
0 63707 0 0 0 293 0 0 21750 8 8 0 0 0 0 435 435 
0 63711 0 0 0 289 0 0 21800 8 8 0 0 0 0 436 436 
0 63705 0 0 0 295 0 0 21850 7 7 0 0 0 0 437 437 
0 63723 0 0 0 277 0 0 21900 6 6 0 0 0 0 438 438 
0 63726 0 0 0 274 0 0 21950 5 5 0 0 0 0 439 439 
0 63720 0 0 0 280 0 0 22000 6 6 0 0 0 0 440 440 
0 63730 0 0 0 270 0 0 22050 8 8 0 0 0 0 441 441 
0 63731 0 0 0 269 0 0 22100 8 8 0 0 0 0 442 442 
0 63738 0 0 0 262 0 0 22150 8 8 0 0 0 0 443 443 
0 63732 0 0 0 268 0 0 22200 8 8 0 0 0 0 444 444 
0 63734 0 0 0 266 0 0 22250 7 7 0 0 0 0 445 445 
0 63736 0 0 0 264 0 0 22300 5 5 0 0 0 0 446 446 
0 63726 0 0 0 274 0 0 22350 5 5 0 0 0 0 447 447 
0 63743 0 0 0 257 0 0 22400 6 6 0 0 0 0 448 448 
0 63756 0 0 0 244 0 0 22450 5 5 0 0 0 0 449 449 
0 63760 0 0 0 240 0 0 22500 6 6 0 0 0 0 450 450 
0 63763 0 0 0 237 0 0 22550 5 5 0 0 0 0 451 451 
0 63745 0 0 0 255 0 0 22600 6 6 0 0 0 0 452 452 
0 63754 0 0 0 246 0 0 22650 8 8 0 0 0 0 453 453 
0 63763 0 0 0 237 0 0 22700 8 8 0 0 0 0 454 454 
0 63745 0 0 0 255 0 0 22750 7 7 0 0 0 0 455 455 
0 63748 0 0 0 252 0 0 22800 7 7 0 0 0 0 456 456 
0 63748 0 0 0 252 0 0 22850 6 6 0 0 0 0 457 457 
0 63742 0 0 0 258 0 0 22900 7 7 0 0 0 0 458 458 
0 63767 0 0 0 233 0 0 22950 7 7 0 0 0 0 459 459 
0 63766 0 0 0 234 0 0 23000 7 7 0 0 0 0 460 460 
0 63767 0 0 0 233 0 0 23050 8 8 0 0 0 0 461 461 
0 63767 0 0 0 233 0 0 23100 8 8 0 0 0 0 462 462 
0 63761 0 0 0 239 0 0 23150 7 7 0 0 0 0 463 463 
0 63765 0 0 0 235 0 0 23200 7 7 0 0 0 0 464 464 
0 63766 0 0 0 234 0 0 23250 6 6 0 0 0 0 465 465 
0 63758 0 0 0 242 0 0 23300 7 7 0 0 0 0 466 466 
0 63769 0 0 0 231 0 0 23350 6 6 0 0 0 0 467 467 
0 63762 0 0 0 238 0 0 23400 7 7 0 0 0 0 468 468 
0 63765 0 0 0 235 0 0 23450 7 7 0 0 0 0 469 469 
0 63767 0 0 0 233 0 0 23500 7 7 0 0 0 0 470 470 
0 63770 0 0 0 230 0 0 23550 6 6 0 0 0 0 471 471 
0 63769 0 0 0 231 0 0 23600 6 6 0 0 0 0 472 472 
0 63770 0 0 0 230 0 0 23650 6 6 0 0 0 0 473 473 
0 63768 0 0 0 232 0 0 23700 6 6 0 0 0 0 474 474 
0 63776 0 0 0 224 0 0 23750 6 6 0 0 0 0 475 475 
0 63772 0 0 0 228 0 0 23800 6 6 0 0 0 0 476 476 
0 63773 0 0 0 227 0 0 23850 6 6 0 0 0 0 477 477 
0 63778 0 0 0 222 0 0 23900 6 6 0 0 0 0 478 478 
0 63776 0 0 0 224 0 0 23950 6 6 0 0 0 0 479 479 
0 63775 0 0 0 225 0 0 24000 7 7 0 0 0 0 480 480 
0 63774 0 0 0 226 0 0 24050 6 6 0 0 0 0 481 481 
0 63780 0 0 0 220 0 0 24100 6 6 0 0 0 0 482 482 
0 63790 0 0 0 210 0 0 24150 6 6 0 0 0 0 483 483 
0 63798 0 0 0 202 0 0 24200 5 5 0 0 0 0 484 484 
0 63800 0 0 0 200 0 0 24250 6 6 0 0 0 0 485 485 
0 63780 0 0 0 220 0 0 24300 5 5 0 0 0 0 486 486 
0 63782 0 0 0 218 0 0 24350 6 6 0 0 0 0 487 487 
0 63794 0 0 0 206 0 0 24400 6 6 0 0 0 0 488 488 
0 63790 0 0 0 210 0 0 24450 6 6 0 0 0 0 489 489 
0 63783 0 0 0 217 0 0 24500 6 6 0 0 0 0 490 490 
0 63799 0 0 0 201 0 0 24550 6 6 0 0 0 0 491 491 
0 63824 0 0 0 176 0 0 24600 6 6 0 0 0 0 492 492 
0 63820 0 0 0 180 0 0 24650 5 5 0 0 0 0 493 493 
0 63817 0 0 0 183 0 0 24700 6 6 0 0 0 0 494 494 
0 63793 0 0 0 207 0 0 24750 6 6 0 0 0 0 495 495 
0 63803 0 0 0 197 0 0 24800 6 6 0 0 0 0 496 496 
0 63796 0 0 0 204 0 0 24850 6 6 0 0 0 0 497 497 
0 63811 0 0 0 189 0 0 24900 5 5 0 0 0 0 498 498 
0 63809 0 0 0 191 0 0 24950 6 6 0 0 0 0 499 499 
0 63825 0 0 0 175 0 0 25000 6 6 0 0 0 0 500 500 
0 63822 0 0 0 178 0 0 25050 5 5 0 0 0 0 501 501 
0 63809 0 0 0 191 0 0 25100 6 6 0 0 0 0 502 502 
0 63806 0 0 0 194 0 0 25150 5 5 0 0 0 0 503 503 
0 63804 0 0 0 196 0 0 25200 5 5 0 0 0 0 504 504 
0 63804 0 0 0 196 0 0 25250 6 6 0 0 0 0 505 505 
0 63804 0 0 0 196 0 0 25300 6 6 0 0 0 0 506 506 
0 63813 0 0 0 187 0 0 25350 6 6 0 0 0 0 507 507 
0 63814 0 0 0 186 0 0 25400 6 6 0 0 0 0 508 508 
0 63812 0 0 0 188 0 0 25450 6 6 0 0 0 0 509 509 
0 63816 0 0 0 184 0 0 25500 6 6 0 0 0 0 510 510 
0 63804 0 0 0 196 0 0 25550 6 6 0 0 0 0 511 511 
0 63812 0 0 0 188 0 0 25600 6 6 0 0 0 0 512 512 
0 63807 0 0 0 193 0 0 25650 5 5 0 0 0 0 513 513 
0 63813 0 0 0 187 0 0 25700 6 6 0 0 0 0 514 514 
0 63821 0 0 0 179 0 0 25750 5 5 0 0 0 0 515 515 
0 63820 0 0 0 180 0 0 25800 5 5 0 0 0 0 516 516 
0 63815 0 0 0 185 0 0 25850 6 6 0 0 0 0 517 517 
0 63803 0 0 0 197 0 0 25900 6 6 0 0 0 0 518 518 
0 63804 0 0 0 196 0 0 25950 6 6 0 0 0 0 519 519 
0 63804 0 0 0 196 0 0 26000 5 5 0 0 0 0 520 520 
0 63816 0 0 0 184 0 0 26050 5 5 0 0 0 0 521 521 
0 63811 0 0 0 189 0 0 26100 5 5 0 0 0 0 522 522 
0 63803 0 0 0 197 0 0 26150 6 6 0 0 0 0 523 523 
0 63795 0 0 0 205 0 0 26200 6 6 0 0 0 0 524 524 
0 63804 0 0 0 196 0 0 26250 6 6 0 0 0 0 525 525 
0 63812 0 0 0 188 0 0 26300 5 5 0 0 0 0 526 526 
0 63830 0 0 0 170 0 0 26350 5 5 0 0 0 0 527 527 
0 63825 0 0 0 175 0 0 26400 6 6 0 0 0 0 528 528 
0 63818 0 0 0 182 0 0 26450 6 6 0 0 0 0 529 529 
0 63806 0 0 0 194 0 0 26500 6 6 0 0 0 0 530 530 
0 63810 0 0 0 190 0 0 26550 6 6 0 0 0 0 531 531 
0 63806 0 0 0 194 0 0 26600 5 5 0 0 0 0 532 532 
0 63808 0 0 0 192 0 0 26650 5 5 0 0 0 0 533 533 
0 63813 0 0 0 187 0 0 26700 5 5 0 0 0 0 534 534 
0 63810 0 0 0 190 0 0 26750 6 6 0 0 0 0 535 535 
0 63813 0 0 0 187 0 0 26800 6 6 0 0 0 0 536 536 
0 63816 0 0 0 184 0 0 26850 6 6 0 0 0 0 537 537 
0 63815 0 0 0 185 0 0 26900 5 5 0 0 0 0 538 538 
0 63816 0 0 0 184 0 0 26950 5 5 0 0 0 0 539 539 
0 63811 0 0 0 189 0 0 27000 6 6 0 0 0 0 540 540 
0 63814 0 0 0 186 0 0 27050 6 6 0 0 0 0 541 541 
0 63815 0 0 0 185 0 0 27100 6 6 0 0 0 0 542 542 
0 63806 0 0 0 194 0 0 27150 6 6 0 0 0 0 543 543 
0 63808 0 0 0 192 0 0 27200 6 6 0 0 0 0 544 544 
0 63803 0 0 0 197 0 0 27250 6 6 0 0 0 0 545 545 
0 63806 0 0 0 194 0 0 27300 6 6 0 0 0 0 546 546 
0 63814 0 0 0 186 0 0 27350 5 5 0 0 0 0 547 547 
0 63814 0 0 0 186 0 0 27400 5 5 0 0 0 0 548 548 
0 63821 0 0 0 179 0 0 27450 5 5 0 0 0 0 549 549 
0 63819 0 0 0 181 0 0 27500 5 5 0 0 0 0 550 550 
0 63818 0 0 0 182 0 0 27550 6 6 0 0 0 0 551 551 
0 63818 0 0 0 182 0 0 27600 5 5 0 0 0 0 552 552 
0 63799 0 0 0 201 0 0 27650 6 6 0 0 0 0 553 553 
0 63805 0 0 0 195 0 0 27700 5 5 0 0 0 0 554 554 
0 63813 0 0 0 187 0 0 27750 6 6 0 0 0 0 555 555 
0 63824 0 0 0 176 0 0 27800 6 6 0 0 0 0 556 556 
0 63826 0 0 0 174 0 0 27850 6 6 0 0 0 0 557 557 
0 63816 0 0 0 184 0 0 27900 5 5 0 0 0 0 558 558 
0 63796 0 0 0 204 0 0 27950 6 6 0 0 0 0 559 559 
0 63795 0 0 0 205 0 0 28000 6 6 0 0 0 0 560 560 
0 63805 0 0 0 195 0 0 28050 6 6 0 0 0 0 561 561 
0 63820 0 0 0 180 0 0 28100 6 6 0 0 0 0 562 562 
0 63833 0 0 0 167 0 0 28150 5 5 0 0 0 0 563 563 
0 63807 0 0 0 193 0 0 28200 5 5 0 0 0 0 564 564 
0 63801 0 0 0 199 0 0 28250 5 5 0 0 0 0 565 565 
0 63797 0 0 0 203 0 0 28300 6 6 0 0 0 0 566 566 
0 63798 0 0 0 202 0 0 28350 6 6 0 0 0 0 567 567 
0 63813 0 0 0 187 0 0 28400 6 6 0 0 0 0 568 568 
0 63820 0 0 0 180 0 0 28450 6 6 0 0 0 0 569 569 
0 63824 0 0 0 176 0 0 28500 5 5 0 0 0 0 570 570 
0 63814 0 0 0 186 0 0 28550 5 5 0 0 0 0 571 571 
0 63809 0 0 0 191 0 0 28600 6 6 0 0 0 0 572 572 
0 63805 0 0 0 195 0 0 28650 6 6 0 0 0 0 573 573 
0 63814 0 0 0 186 0 0 28700 6 6 0 0 0 0 574 574 
0 63811 0 0 0 189 0 0 28750 6 6 0 0 0 0 575 575 
0 63823 0 0 0 177 0 0 28800 6 6 0 0 0 0 576 576 
0 63806 0 0 0 194 0 0 28850 6 6 0 0 0 0 577 577 
0 63804 0 0 0 196 0 0 28900 6 6 0 0 0 0 578 578 
0 63800 0 0 0 200 0 0 28950 6 6 0 0 0 0 579 579 
0 63813 0 0 0 187 0 0 29000 6 6 0 0 0 0 580 580 
0 63821 0 0 0 179 0 0 29050 6 6 0 0 0 0 581 581 
0 63815 0 0 0 185 0 0 29100 6 6 0 0 0 0 582 582 
0 63806 0 0 0 194 0 0 29150 6 6 0 0 0 0 583 583 
0 63800 0 0 0 200 0 0 29200 6 6 0 0 0 0 584 584 
0 63804 0 0 0 196 0 0 29250 5 5 0 0 0 0 585 585 
0 63810 0 0 0 190 0 0 29300 5 5 0 0 0 0 586 586 
0 63814 0 0 0 186 0 0 29350 6 6 0 0 0 0 587 587 
0 63822 0 0 0 178 0 0 29400 6 6 0 0 0 0 588 588 
0 63815 0 0 0 185 0 0 29450 6 6 0 0 0 0 589 589 
0 63817 0 0 0 183 0 0 29500 6 6 0 0 0 0 590 590 
0 63811 0 0 0 189 0 0 29550 5 5 0 0 0 0 591 591 
0 63801 0 0 0 199 0 0 29600 6 6 0 0 0 0 592 592 
0 63800 0 0 0 200 0 0 29650 6 6 0 0 0 0 593 593 
0 63807 0 0 0 193 0 0 29700 6 6 0 0 0 0 594 594 
0 63817 0 0 0 183 0 0 29750 6 6 0 0 0 0 595 595 
0 63817 0 0 0 183 0 0 29800 5 5 0 0 0 0 596 596 
0 63816 0 0 0 184 0 0 29850 5 5 0 0 0 0 597 597 
0 63814 0 0 0 186 0 0 29900 6 6 0 0 0 0 598 598 
0 63813 0 0 0 187 0 0 29950 6 6 0 0 0 0 599 599 
0 63799 0 0 0 201 0 0 30000 6 6 0 0 0 0 600 600 
0 63800 0 0 0 200 0 0 30050 6 6 0 0 0 0 601 601 
0 63815 0 0 0 185 0 0 30100 6 6 0 0 0 0 602 602 
0 63817 0 0 0 183 0 0 30150 5 5 0 0 0 0 603 603 
0 63813 0 0 0 187 0 0 30200 6 6 0 0 0 0 604 604 
0 63803 0 0 0 197 0 0 30250 5 5 0 0 0 0 605 605 
0 63810 0 0 0 190 0 0 30300 5 5 0 0 0 0 606 606 
0 63810 0 0 0 190 0 0 30350 6 6 0 0 0 0 607 607 
0 63811 0 0 0 189 0 0 30400 6 6 0 0 0 0 608 608 
0 63812 0 0 0 188 0 0 30450 6 6 0 0 0 0 609 609 
0 63820 0 0 0 180 0 0 30500 6 6 0 0 0 0 610 610 
0 63810 0 0 0 190 0 0 30550 6 6 0 0 0 0 611 611 
0 63801 0 0 0 199 0 0 30600 5 5 0 0 0 0 612 612 
0 63804 0 0 0 196 0 0 30650 5 5 0 0 0 0 613 613 
0 63805 0 0 0 195 0 0 30700 6 6 0 0 0 0 614 614 
0 63809 0 0 0 191 0 0 30750 6 6 0 0 0 0 615 615 
0 63823 0 0 0 177 0 0 30800 6 6 0 0 0 0 616 616 
0 63826 0 0 0 174 0 0 30850 6 6 0 0 0 0 617 617 
0 63817 0 0 0 183 0 0 30900 5 5 0 0 0 0 618 618 
0 63803 0 0 0 197 0 0 30950 6 6 0 0 0 0 619 619 
0 63800 0 0 0 200 0 0 31000 6 6 0 0 0 0 620 620 
0 63809 0 0 0 191 0 0 31050 6 6 0 0 0 0 621 621 
0 63819 0 0 0 181 0 0 31100 5 5 0 0 0 0 622 622 
0 63820 0 0 0 180 0 0 31150 6 6 0 0 0 0 623 623 
0 63816 0 0 0 184 0 0 31200 6 6 0 0 0 0 624 624 
0 63814 0 0 0 186 0 0 31250 5 5 0 0 0 0 625 625 
0 63810 0 0 0 190 0 0 31300 5 5 0 0 0 0 626 626 
0 63810 0 0 0 190 0 0 31350 5 5 0 0 0 0 627 627 
0 63805 0 0 0 195 0 0 31400 5 5 0 0 0 0 628 628 
0 63818 0 0 0 182 0 0 31450 5 5 0 0 0 0 629 629 
0 63814 0 0 0 186 0 0 31500 6 6 0 0 0 0 630 630 
0 63815 0 0 0 185 0 0 31550 6 6 0 0 0 0 631 631 
0 63811 0 0 0 189 0 0 31600 6 6 0 0 0 0 632 632 
0 63812 0 0 0 188 0 0 31650 6 6 0 0 0 0 633 633 
0 63803 0 0 0 197 0 0 31700 5 5 0 0 0 0 634 634 
0 63808 0 0 0 192 0 0 31750 6 6 0 0 0 0 635 635 
0 63811 0 0 0 189 0 0 31800 6 6 0 0 0 0 636 636 
0 63820 0 0 0 180 0 0 31850 6 6 0 0 0 0 637 637 
0 63809 0 0 0 191 0 0 31900 6 6 0 0 0 0 638 638 
0 63807 0 0 0 193 0 0 31950 6 6 0 0 0 0 639 639 
0 63816 0 0 0 184 0 0 32000 5 5 0 0 0 0 640 640 
0 63811 0 0 0 189 0 0 32050 6 6 0 0 0 0 641 641 
0 63812 0 0 0 188 0 0 32100 6 6 0 0 0 0 642 642 
0 63805 0 0 0 195 0 0 32150 6 6 0 0 0 0 643 643 
0 63802 0 0 0 198 0 0 32200 6 6 0 0 0 0 644 644 
0 63808 0 0 0 192 0 0 32250 6 6 0 0 0 0 645 645 
0 63805 0 0 0 195 0 0 32300 6 6 0 0 0 0 646 646 
0 63815 0 0 0 185 0 0 32350 6 6 0 0 0 0 647 647 
0 63817 0 0 0 183 0 0 32400 5 5 0 0 0 0 648 648 
0 63812 0 0 0 188 0 0 32450 5 5 0 0 0 0 649 649 
0 63809 0 0 0 191 0 0 32500 6 6 0 0 0 0 650 650 
0 63804 0 0 0 196 0 0 32550 6 6 0 0 0 0 651 651 
0 63807 0 0 0 193 0 0 32600 6 6 0 0 0 0 652 652 
0 63808 0 0 0 192 0 0 32650 5 5 0 0 0 0 653 653 
0 63824 0 0 0 176 0 0 32700 5 5 0 0 0 0 654 654 
0 63814 0 0 0 186 0 0 32750 5 5 0 0 0 0 655 655 
0 63818 0 0 0 182 0 0 32800 6 6 0 0 0 0 656 656 
0 63805 0 0 0 195 0 0 32850 6 6 0 0 0 0 657 657 
0 63810 0 0 0 190 0 0 32900 6 6 0 0 0 0 658 658 
0 63804 0 0 0 196 0 0 32950 6 6 0 0 0 0 659 659 
0 63800 0 0 0 200 0 0 33000 6 6 0 0 0 0 660 660 
0 63812 0 0 0 188 0 0 33050 5 5 0 0 0 0 661 661 
0 63813 0 0 0 187 0 0 33100 6 6 0 0 0 0 662 662 
0 63829 0 0 0 171 0 0 33150 6 6 0 0 0 0 663 663 
0 63824 0 0 0 176 0 0 33200 6 6 0 0 0 0 664 664 
0 63819 0 0 0 181 0 0 33250 6 6 0 0 0 0 665 665 
0 63816 0 0 0 184 0 0 33300 5 5 0 0 0 0 666 666 
0 63806 0 0 0 194 0 0 33350 6 6 0 0 0 0 667 667 
0 63810 0 0 0 190 0 0 33400 6 6 0 0 0 0 668 668 
0 63795 0 0 0 205 0 0 33450 6 6 0 0 0 0 669 669 
0 63808 0 0 0 192 0 0 33500 5 5 0 0 0 0 670 670 
0 63825 0 0 0 175 0 0 33550 5 5 0 0 0 0 671 671 
0 63825 0 0 0 175 0 0 33600 6 6 0 0 0 0 672 672 
0 63817 0 0 0 183 0 0 33650 6 6 0 0 0 0 673 673 
0 63801 0 0 0 199 0 0 33700 6 6 0 0 0 0 674 674 
0 63806 0 0 0 194 0 0 33750 6 6 0 0 0 0 675 675 
0 63807 0 0 0 193 0 0 33800 6 6 0 0 0 0 676 676 
0 63817 0 0 0 183 0 0 33850 6 6 0 0 0 0 677 677 
0 63819 0 0 0 181 0 0 33900 6 6 0 0 0 0 678 678 
0 63822 0 0 0 178 0 0 33950 6 6 0 0 0 0 679 679 
0 63802 0 0 0 198 0 0 34000 6 6 0 0 0 0 680 680 
0 63810 0 0 0 190 0 0 34050 6 6 0 0 0 0 681 681 
0 63804 0 0 0 196 0 0 34100 6 6 0 0 0 0 682 682 
0 63814 0 0 0 186 0 0 34150 6 6 0 0 0 0 683 683 
0 63817 0 0 0 183 0 0 34200 6 6 0 0 0 0 684 684 
0 63829 0 0 0 171 0 0 34250 6 6 0 0 0 0 685 685 
0 63808 0 0 0 192 0 0 34300 6 6 0 0 0 0 686 686 
0 63804 0 0 0 196 0 0 34350 6 6 0 0 0 0 687 687 
0 63794 0 0 0 206 0 0 34400 6 6 0 0 0 0 688 688 
0 63815 0 0 0 185 0 0 34450 6 6 0 0 0 0 689 689 
0 63821 0 0 0 179 0 0 34500 5 5 0 0 0 0 690 690 
0 63816 0 0 0 184 0 0 34550 6 6 0 0 0 0 691 691 
0 63805 0 0 0 195 0 0 34600 5 5 0 0 0 0 692 692 
0 63807 0 0 0 193 0 0 34650 6 6 0 0 0 0 693 693 
0 63816 0 0 0 184 0 0 34700 6 6 0 0 0 0 694 694 
0 63815 0 0 0 185 0 0 34750 6 6 0 0 0 0 695 695 
0 63816 0 0 0 184 0 0 34800 6 6 0 0 0 0 696 696 
0 63806 0 0 0 194 0 0 34850 6 6 0 0 0 0 697 697 
0 63799 0 0 0 201 0 0 34900 6 6 0 0 0 0 698 698 
0 63807 0 0 0 193 0 0 34950 6 6 0 0 0 0 699 699 
0 63811 0 0 0 189 0 0 35000 6 6 0 0 0 0 700 700 
0 63813 0 0 0 187 0 0 35050 5 5 0 0 0 0 701 701 
0 63817 0 0 0 183 0 0 35100 6 6 0 0 0 0 702 702 
0 63810 0 0 0 190 0 0 35150 5 5 0 0 0 0 703 703 
0 63809 0 0 0 191 0 0 35200 5 5 0 0 0 0 704 704 
0 63817 0 0 0 183 0 0 35250 5 5 0 0 0 0 705 705 
0 63815 0 0 0 185 0 0 35300 5 5 0 0 0 0 706 706 
0 63804 0 0 0 196 0 0 35350 6 6 0 0 0 0 707 707 
0 63807 0 0 0 193 0 0 35400 6 6 0 0 0 0 708 708 
0 63808 0 0 0 192 0 0 35450 6 6 0 0 0 0 709 709 
0 63814 0 0 0 186 0 0 35500 6 6 0 0 0 0 710 710 
0 63816 0 0 0 184 0 0 35550 5 5 0 0 0 0 711 711 
0 63812 0 0 0 188 0 0 35600 6 6 0 0 0 0 712 712 
0 63812 0 0 0 188 0 0 35650 5 5 0 0 0 0 713 713 
0 63808 0 0 0 192 0 0 35700 6 6 0 0 0 0 714 714 
0 63805 0 0 0 195 0 0 35750 6 6 0 0 0 0 715 715 
0 63807 0 0 0 193 0 0 35800 6 6 0 0 0 0 716 716 
0 63822 0 0 0 178 0 0 35850 5 5 0 0 0 0 717 717 
0 63818 0 0 0 182 0 0 35900 5 5 0 0 0 0 718 718 
0 63804 0 0 0 196 0 0 35950 5 5 0 0 0 0 719 719 
0 63805 0 0 0 195 0 0 36000 6 6 0 0 0 0 720 720 
0 63817 0 0 0 183 0 0 36050 6 6 0 0 0 0 721 721 
0 63817 0 0 0 183 0 0 36100 6 6 0 0 0 0 722 722 
0 63818 0 0 0 182 0 0 36150 6 6 0 0 0 0 723 723 
0 63809 0 0 0 191 0 0 36200 6 6 0 0 0 0 724 724 
0 63813 0 0 0 187 0 0 36250 6 6 0 0 0 0 725 725 
0 63813 0 0 0 187 0 0 36300 6 6 0 0 0 0 726 726 
0 63805 0 0 0 195 0 0 36350 5 5 0 0 0 0 727 727 
0 63808 0 0 0 192 0 0 36400 5 5 0 0 0 0 728 728 
0 63806 0 0 0 194 0 0 36450 6 6 0 0 0 0 729 729 
0 63806 0 0 0 194 0 0 36500 6 6 0 0 0 0 730 730 
0 63808 0 0 0 192 0 0 36550 6 6 0 0 0 0 731 731 
0 63818 0 0 0 182 0 0 36600 5 5 0 0 0 0 732 732 
0 63825 0 0 0 175 0 0 36650 5 5 0 0 0 0 733 733 
0 63805 0 0 0 195 0 0 36700 5 5 0 0 0 0 734 734 
0 63812 0 0 0 188 0 0 36750 6 6 0 0 0 0 735 735 
0 63812 0 0 0 188 0 0 36800 6 6 0 0 0 0 736 736 
0 63817 0 0 0 183 0 0 36850 6 6 0 0 0 0 737 737 
0 63819 0 0 0 181 0 0 36900 6 6 0 0 0 0 738 738 
0 63811 0 0 0 189 0 0 36950 5 5 0 0 0 0 739 739 
0 63812 0 0 0 188 0 0 37000 5 5 0 0 0 0 740 740 
0 63812 0 0 0 188 0 0 37050 5 5 0 0 0 0 741 741 
0 63817 0 0 0 183 0 0 37100 6 6 0 0 0 0 742 742 
0 63815 0 0 0 185 0 0 37150 6 6 0 0 0 0 743 743 
0 63812 0 0 0 188 0 0 37200 6 6 0 0 0 0 744 744 
0 63804 0 0 0 196 0 0 37250 6 6 0 0 0 0 745 745 
0 63805 0 0 0 195 0 0 37300 6 6 0 0 0 0 746 746 
0 63806 0 0 0 194 0 0 37350 6 6 0 0 0 0 747 747 
0 63819 0 0 0 181 0 0 37400 6 6 0 0 0 0 748 748 
0 63823 0 0 0 177 0 0 37450 5 5 0 0 0 0 749 749 
0 63813 0 0 0 187 0 0 37500 6 6 0 0 0 0 750 750 
0 63807 0 0 0 193 0 0 37550 6 6 0 0 0 0 751 751 
0 63795 0 0 0 205 0 0 37600 6 6 0 0 0 0 752 752 
0 63805 0 0 0 195 0 0 37650 6 6 0 0 0 0 753 753 
0 63807 0 0 0 193 0 0 37700 6 6 0 0 0 0 754 754 
0 63817 0 0 0 183 0 0 37750 6 6 0 0 0 0 755 755 
0 63823 0 0 0 177 0 0 37800 6 6 0 0 0 0 756 756 
0 63811 0 0 0 189 0 0 37850 6 6 0 0 0 0 757 757 
0 63813 0 0 0 187 0 0 37900 6 6 0 0 0 0 758 758 
0 63813 0 0 0 187 0 0 37950 6 6 0 0 0 0 759 759 
0 63801 0 0 0 199 0 0 38000 5 5 0 0 0 0 760 760 
0 63811 0 0 0 189 0 0 38050 5 5 0 0 0 0 761 761 
0 63813 0 0 0 187 0 0 38100 6 6 0 0 0 0 762 762 
0 63813 0 0 0 187 0 0 38150 6 6 0 0 0 0 763 763 
0 63806 0 0 0 194 0 0 38200 6 6 0 0 0 0 764 764 
0 63805 0 0 0 195 0 0 38250 6 6 0 0 0 0 765 765 
0 63815 0 0 0 185 0 0 38300 6 6 0 0 0 0 766 766 
0 63813 0 0 0 187 0 0 38350 6 6 0 0 0 0 767 767 
0 63801 0 0 0 199 0 0 38400 6 6 0 0 0 0 768 768 
0 63813 0 0 0 187 0 0 38450 6 6 0 0 0 0 769 769 
0 63831 0 0 0 169 0 0 38500 6 6 0 0 0 0 770 770 
0 63822 0 0 0 178 0 0 38550 5 5 0 0 0 0 771 771 
0 63806 0 0 0 194 0 0 38600 6 6 0 0 0 0 772 772 
0 63807 0 0 0 193 0 0 38650 6 6 0 0 0 0 773 773 
0 63804 0 0 0 196 0 0 38700 6 6 0 0 0 0 774 774 
0 63807 0 0 0 193 0 0 38750 6 6 0 0 0 0 775 775 
0 63816 0 0 0 184 0 0 38800 6 6 0 0 0 0 776 776 
0 63814 0 0 0 186 0 0 38850 6 6 0 0 0 0 777 777 
0 63817 0 0 0 183 0 0 38900 6 6 0 0 0 0 778 778 
0 63815 0 0 0 185 0 0 38950 5 5 0 0 0 0 779 779 
0 63801 0 0 0 199 0 0 39000 5 5 0 0 0 0 780 780 
0 63804 0 0 0 196 0 0 39050 5 5 0 0 0 0 781 781 
0 63819 0 0 0 181 0 0 39100 6 6 0 0 0 0 782 782 
0 63821 0 0 0 179 0 0 39150 6 6 0 0 0 0 783 783 
0 63810 0 0 0 190 0 0 39200 6 6 0 0 0 0 784 784 
0 63802 0 0 0 198 0 0 39250 6 6 0 0 0 0 785 785 
0 63809 0 0 0 191 0 0 39300 6 6 0 0 0 0 786 786 
0 63810 0 0 0 190 0 0 39350 6 6 0 0 0 0 787 787 
0 63817 0 0 0 183 0 0 39400 6 6 0 0 0 0 788 788 
0 63812 0 0 0 188 0 0 39450 6 6 0 0 0 0 789 789 
0 63801 0 0 0 199 0 0 39500 6 6 0 0 0 0 790 790 
0 63814 0 0 0 186 0 0 39550 6 6 0 0 0 0 791 791 
0 63814 0 0 0 186 0 0 39600 6 6 0 0 0 0 792 792 
0 63812 0 0 0 188 0 0 39650 6 6 0 0 0 0 793 793 
0 63808 0 0 0 192 0 0 39700 6 6 0 0 0 0 794 794 
0 63817 0 0 0 183 0 0 39750 6 6 0 0 0 0 795 795 
0 63821 0 0 0 179 0 0 39800 6 6 0 0 0 0 796 796 
0 63816 0 0 0 184 0 0 39850 6 6 0 0 0 0 797 797 
0 63813 0 0 0 187 0 0 39900 5 5 0 0 0 0 798 798 
0 63806 0 0 0 194 0 0 39950 5 5 0 0 0 0 799 799 
0 63812 0 0 0 188 0 0 40000 6 6 0 0 0 0 800 800 
0 63814 0 0 0 186 0 0 40050 6 6 0 0 0 0 801 801 
0 63805 0 0 0 195 0 0 40100 6 6 0 0 0 0 802 802 
0 63799 0 0 0 201 0 0 40150 6 6 0 0 0 0 803 803 
0 63819 0 0 0 181 0 0 40200 6 6 0 0 0 0 804 804 
0 63819 0 0 0 181 0 0 40250 5 5 0 0 0 0 805 805 
0 63811 0 0 0 189 0 0 40300 6 6 0 0 0 0 806 806 
0 63810 0 0 0 190 0 0 40350 6 6 0 0 0 0 807 807 
0 63806 0 0 0 194 0 0 40400 6 6 0 0 0 0 808 808 
0 63811 0 0 0 189 0 0 40450 6 6 0 0 0 0 809 809 
0 63815 0 0 0 185 0 0 40500 6 6 0 0 0 0 810 810 
0 63813 0 0 0 187 0 0 40550 6 6 0 0 0 0 811 811 
0 63807 0 0 0 193 0 0 40600 6 6 0 0 0 0 812 812 
0 63812 0 0 0 188 0 0 40650 6 6 0 0 0 0 813 813 
0 63812 0 0 0 188 0 0 40700 5 5 0 0 0 0 814 814 
0 63809 0 0 0 191 0 0 40750 6 6 0 0 0 0 815 815 
0 63810 0 0 0 190 0 0 40800 6 6 0 0 0 0 816 816 
0 63812 0 0 0 188 0 0 40850 5 5 0 0 0 0 817 817 
0 63809 0 0 0 191 0 0 40900 6 6 0 0 0 0 818 818 
0 63818 0 0 0 182 0 0 40950 5 5 0 0 0 0 819 819 
0 63813 0 0 0 187 0 0 41000 6 6 0 0 0 0 820 820 
0 63809 0 0 0 191 0 0 41050 6 6 0 0 0 0 821 821 
0 63811 0 0 0 189 0 0 41100 6 6 0 0 0 0 822 822 
0 63811 0 0 0 189 0 0 41150 6 6 0 0 0 0 823 823 
0 63803 0 0 0 197 0 0 41200 6 6 0 0 0 0 824 824 
0 63809 0 0 0 191 0 0 41250 6 6 0 0 0 0 825 825 
0 63815 0 0 0 185 0 0 41300 6 6 0 0 0 0 826 826 
0 63819 0 0 0 181 0 0 41350 6 6 0 0 0 0 827 827 
0 63816 0 0 0 184 0 0 41400 6 6 0 0 0 0 828 828 
0 63815 0 0 0 185 0 0 41450 6 6 0 0 0 0 829 829 
0 63809 0 0 0 191 0 0 41500 5 5 0 0 0 0 830 830 
0 63812 0 0 0 188 0 0 41550 5 5 0 0 0 0 831 831 
0 63805 0 0 0 195 0 0 41600 5 5 0 0 0 0 832 832 
0 63815 0 0 0 185 0 0 41650 5 5 0 0 0 0 833 833 
0 63818 0 0 0 182 0 0 41700 6 6 0 0 0 0 834 834 
0 63812 0 0 0 188 0 0 41750 6 6 0 0 0 0 835 835 
0 63817 0 0 0 183 0 0 41800 6 6 0 0 0 0 836 836 
0 63803 0 0 0 197 0 0 41850 6 6 0 0 0 0 837 837 
0 63806 0 0 0 194 0 0 41900 5 5 0 0 0 0 838 838 
0 63810 0 0 0 190 0 0 41950 6 6 0 0 0 0 839 839 
0 63810 0 0 0 190 0 0 42000 6 6 0 0 0 0 840 840 
0 63810 0 0 0 190 0 0 42050 6 6 0 0 0 0 841 841 
0 63810 0 0 0 190 0 0 42100 6 6 0 0 0 0 842 842 
0 63815 0 0 0 185 0 0 42150 6 6 0 0 0 0 843 843 
0 63810 0 0 0 190 0 0 42200 6 6 0 0 0 0 844 844 
0 63814 0 0 0 186 0 0 42250 6 6 0 0 0 0 845 845 
0 63813 0 0 0 187 0 0 42300 6 6 0 0 0 0 846 846 
0 63809 0 0 0 191 0 0 42350 6 6 0 0 0 0 847 847 
0 63808 0 0 0 192 0 0 42400 6 6 0 0 0 0 848 848 
0 63804 0 0 0 196 0 0 42450 6 6 0 0 0 0 849 849 
0 63817 0 0 0 183 0 0 42500 6 6 0 0 0 0 850 850 
0 63827 0 0 0 173 0 0 42550 6 6 0 0 0 0 851 851 
0 63822 0 0 0 178 0 0 42600 5 5 0 0 0 0 852 852 
0 63821 0 0 0 179 0 0 42650 6 6 0 0 0 0 853 853 
0 63807 0 0 0 193 0 0 42700 6 6 0 0 0 0 854 854 
0 63801 0 0 0 199 0 0 42750 6 6 0 0 0 0 855 855 
0 63803 0 0 0 197 0 0 42800 5 5 0 0 0 0 856 856 
0 63808 0 0 0 192 0 0 42850 5 5 0 0 0 0 857 857 
0 63814 0 0 0 186 0 0 42900 6 6 0 0 0 0 858 858 
0 63816 0 0 0 184 0 0 42950 6 6 0 0 0 0 859 859 
0 63818 0 0 0 182 0 0 43000 6 6 0 0 0 0 860 860 
0 63814 0 0 0 186 0 0 43050 6 6 0 0 0 0 861 861 
0 63821 0 0 0 179 0 0 43100 6 6 0 0 0 0 862 862 
0 63814 0 0 0 186 0 0 43150 5 5 0 0 0 0 863 863 
0 63807 0 0 0 193 0 0 43200 6 6 0 0 0 0 864 864 
0 63802 0 0 0 198 0 0 43250 6 6 0 0 0 0 865 865 
0 63810 0 0 0 190 0 0 43300 6 6 0 0 0 0 866 866 
0 63811 0 0 0 189 0 0 43350 6 6 0 0 0 0 867 867 
0 63815 0 0 0 185 0 0 43400 6 6 0 0 0 0 868 868 
0 63817 0 0 0 183 0 0 43450 6 6 0 0 0 0 869 869 
0 63818 0 0 0 182 0 0 43500 6 6 0 0 0 0 870 870 
0 63811 0 0 0 189 0 0 43550 5 5 0 0 0 0 871 871 
0 63811 0 0 0 189 0 0 43600 6 6 0 0 0 0 872 872 
0 63809 0 0 0 191 0 0 43650 6 6 0 0 0 0 873 873 
0 63809 0 0 0 191 0 0 43700 6 6 0 0 0 0 874 874 
0 63812 0 0 0 188 0 0 43750 5 5 0 0 0 0 875 875 
0 63815 0 0 0 185 0 0 43800 6 6 0 0 0 0 876 876 
0 63821 0 0 0 179 0 0 43850 6 6 0 0 0 0 877 877 
0 63818 0 0 0 182 0 0 43900 6 6 0 0 0 0 878 878 
0 63812 0 0 0 188 0 0 43950 5 5 0 0 0 0 879 879 
0 63802 0 0 0 198 0 0 44000 5 5 0 0 0 0 880 880 
0 63807 0 0 0 193 0 0 44050 6 6 0 0 0 0 881 881 
0 63815 0 0 0 185 0 0 44100 6 6 0 0 0 0 882 882 
0 63814 0 0 0 186 0 0 44150 6 6 0 0 0 0 883 883 
0 63816 0 0 0 184 0 0 44200 5 5 0 0 0 0 884 884 
0 63821 0 0 0 179 0 0 44250 5 5 0 0 0 0 885 885 
0 63808 0 0 0 192 0 0 44300 6 6 0 0 0 0 886 886 
0 63811 0 0 0 189 0 0 44350 6 6 0 0 0 0 887 887 
0 63805 0 0 0 195 0 0 44400 6 6 0 0 0 0 888 888 
0 63813 0 0 0 187 0 0 44450 6 6 0 0 0 0 889 889 
0 63816 0 0 0 184 0 0 44500 6 6 0 0 0 0 890 890 
0 63810 0 0 0 190 0 0 44550 5 5 0 0 0 0 891 891 
0 63810 0 0 0 190 0 0 44600 6 6 0 0 0 0 892 892 
0 63809 0 0 0 191 0 0 44650 6 6 0 0 0 0 893 893 
0 63811 0 0 0 189 0 0 44700 6 6 0 0 0 0 894 894 
0 63814 0 0 0 186 0 0 44750 5 5 0 0 0 0 895 895 
0 63823 0 0 0 177 0 0 44800 6 6 0 0 0 0 896 896 
0 63816 0 0 0 184 0 0 44850 6 6 0 0 0 0 897 897 
0 63808 0 0 0 192 0 0 44900 5 5 0 0 0 0 898 898 
0 63811 0 0 0 189 0 0 44950 5 5 0 0 0 0 899 899 
0 63811 0 0 0 189 0 0 45000 6 6 0 0 0 0 900 900 
0 63812 0 0 0 188 0 0 45050 5 5 0 0 0 0 901 901 
0 63809 0 0 0 191 0 0 45100 6 6 0 0 0 0 902 902 
0 63809 0 0 0 191 0 0 45150 6 6 0 0 0 0 903 903 
0 63805 0 0 0 195 0 0 45200 6 6 0 0 0 0 904 904 
0 63810 0 0 0 190 0 0 45250 6 6 0 0 0 0 905 905 
0 63810 0 0 0 190 0 0 45300 6 6 0 0 0 0 906 906 
0 63813 0 0 0 187 0 0 45350 5 5 0 0 0 0 907 907 
0 63821 0 0 0 179 0 0 45400 6 6 0 0 0 0 908 908 
0 63811 0 0 0 189 0 0 45450 5 5 0 0 0 0 909 909 
0 63806 0 0 0 194 0 0 45500 5 5 0 0 0 0 910 910 
0 63807 0 0 0 193 0 0 45550 6 6 0 0 0 0 911 911 
0 63802 0 0 0 198 0 0 45600 6 6 0 0 0 0 912 912 
0 63815 0 0 0 185 0 0 45650 6 6 0 0 0 0 913 913 
0 63818 0 0 0 182 0 0 45700 5 5 0 0 0 0 914 914 
0 63815 0 0 0 185 0 0 45750 6 6 0 0 0 0 915 915 
0 63804 0 0 0 196 0 0 45800 5 5 0 0 0 0 916 916 
0 63799 0 0 0 201 0 0 45850 5 5 0 0 0 0 917 917 
0 63810 0 0 0 190 0 0 45900 6 6 0 0 0 0 918 918 
0 63807 0 0 0 193 0 0 45950 6 6 0 0 0 0 919 919 
0 63813 0 0 0 187 0 0 46000 6 6 0 0 0 0 920 920 
0 63824 0 0 0 176 0 0 46050 6 6 0 0 0 0 921 921 
0 63819 0 0 0 181 0 0 46100 6 6 0 0 0 0 922 922 
0 63806 0 0 0 194 0 0 46150 6 6 0 0 0 0 923 923 
0 63796 0 0 0 204 0 0 46200 6 6 0 0 0 0 924 924 
0 63796 0 0 0 204 0 0 46250 6 6 0 0 0 0 925 925 
0 63811 0 0 0 189 0 0 46300 6 6 0 0 0 0 926 926 
0 63824 0 0 0 176 0 0 46350 5 5 0 0 0 0 927 927 
0 63820 0 0 0 180 0 0 46400 6 6 0 0 0 0 928 928 
0 63809 0 0 0 191 0 0 46450 6 6 0 0 0 0 929 929 
0 63818 0 0 0 182 0 0 46500 6 6 0 0 0 0 930 930 
0 63814 0 0 0 186 0 0 46550 6 6 0 0 0 0 931 931 
0 63809 0 0 0 191 0 0 46600 6 6 0 0 0 0 932 932 
0 63806 0 0 0 194 0 0 46650 5 5 0 0 0 0 933 933 
0 63799 0 0 0 201 0 0 46700 6 6 0 0 0 0 934 934 
0 63797 0 0 0 203 0 0 46750 6 6 0 0 0 0 935 935 
0 63809 0 0 0 191 0 0 46800 6 6 0 0 0 0 936 936 
0 63818 0 0 0 182 0 0 46850 6 6 0 0 0 0 937 937 
0 63827 0 0 0 173 0 0 46900 6 6 0 0 0 0 938 938 
0 63813 0 0 0 187 0 0 46950 6 6 0 0 0 0 939 939 
0 63799 0 0 0 201 0 0 47000 6 6 0 0 0 0 940 940 
0 63810 0 0 0 190 0 0 47050 6 6 0 0 0 0 941 941 
0 63804 0 0 0 196 0 0 47100 6 6 0 0 0 0 942 942 
0 63808 0 0 0 192 0 0 47150 6 6 0 0 0 0 943 943 
0 63823 0 0 0 177 0 0 47200 6 6 0 0 0 0 944 944 
0 63824 0 0 0 176 0 0 47250 5 5 0 0 0 0 945 945 
0 63814 0 0 0 186 0 0 47300 5 5 0 0 0 0 946 946 
0 63805 0 0 0 195 0 0 47350 6 6 0 0 0 0 947 947 
0 63812 0 0 0 188 0 0 47400 6 6 0 0 0 0 948 948 
0 63818 0 0 0 182 0 0 47450 6 6 0 0 0 0 949 949 
0 63823 0 0 0 177 0 0 47500 5 5 0 0 0 0 950 950 
0 63812 0 0 0 188 0 0 47550 6 6 0 0 0 0 951 951 
0 63809 0 0 0 191 0 0 47600 6 6 0 0 0 0 952 952 
0 63812 0 0 0 188 0 0 47650 6 6 0 0 0 0 953 953 
0 63808 0 0 0 192 0 0 47700 6 6 0 0 0 0 954 954 
0 63814 0 0 0 186 0 0 47750 6 6 0 0 0 0 955 955 
0 63814 0 0 0 186 0 0 47800 5 5 0 0 0 0 956 956 
0 63814 0 0 0 186 0 0 47850 6 6 0 0 0 0 957 957 
0 63813 0 0 0 187 0 0 47900 6 6 0 0 0 0 958 958 
0 63813 0 0 0 187 0 0 47950 6 6 0 0 0 0 959 959 
0 63817 0 0 0 183 0 0 48000 5 5 0 0 0 0 960 960 
0 63814 0 0 0 186 0 0 48050 5 5 0 0 0 0 961 961 
0 63811 0 0 0 189 0 0 48100 6 6 0 0 0 0 962 962 
0 63812 0 0 0 188 0 0 48150 6 6 0 0 0 0 963 963 
0 63816 0 0 0 184 0 0 48200 6 6 0 0 0 0 964 964 
0 63815 0 0 0 185 0 0 48250 5 5 0 0 0 0 965 965 
0 63816 0 0 0 184 0 0 48300 6 6 0 0 0 0 966 966 
0 63812 0 0 0 188 0 0 48350 6 6 0 0 0 0 967 967 
0 63811 0 0 0 189 0 0 48400 6 6 0 0 0 0 968 968 
0 63817 0 0 0 183 0 0 48450 6 6 0 0 0 0 969 969 
0 63807 0 0 0 193 0 0 48500 6 6 0 0 0 0 970 970 
0 63809 0 0 0 191 0 0 48550 6 6 0 0 0 0 971 971 
0 63810 0 0 0 190 0 0 48600 6 6 0 0 0 0 972 972 
0 63814 0 0 0 186 0 0 48650 6 6 0 0 0 0 973 973 
0 63809 0 0 0 191 0 0 48700 6 6 0 0 0 0 974 974 
0 63811 0 0 0 189 0 0 48750 6 6 0 0 0 0 975 975 
0 63815 0 0 0 185 0 0 48800 5 5 0 0 0 0 976 976 
0 63809 0 0 0 191 0 0 48850 5 5 0 0 0 0 977 977 
0 63810 0 0 0 190 0 0 48900 6 6 0 0 0 0 978 978 
0 63811 0 0 0 189 0 0 48950 6 6 0 0 0 0 979 979 
0 63806 0 0 0 194 0 0 49000 6 6 0 0 0 0 980 980 
0 63819 0 0 0 181 0 0 49050 6 6 0 0 0 0 981 981 
0 63814 0 0 0 186 0 0 49100 6 6 0 0 0 0 982 982 
0 63813 0 0 0 187 0 0 49150 6 6 0 0 0 0 983 983 
0 63818 0 0 0 182 0 0 49200 6 6 0 0 0 0 984 984 
0 63819 0 0 0 181 0 0 49250 6 6 0 0 0 0 985 985 
0 63806 0 0 0 194 0 0 49300 6 6 0 0 0 0 986 986 
0 63805 0 0 0 195 0 0 49350 5 5 0 0 0 0 987 987 
0 63808 0 0 0 192 0 0 49400 6 6 0 0 0 0 988 988 
0 63812 0 0 0 188 0 0 49450 6 6 0 0 0 0 989 989 
0 63811 0 0 0 189 0 0 49500 6 6 0 0 0 0 990 990 
0 63812 0 0 0 188 0 0 49550 6 6 0 0 0 0 991 991 
0 63814 0 0 0 186 0 0 49600 6 6 0 0 0 0 992 992 
0 63818 0 0 0 182 0 0 49650 6 6 0 0 0 0 993 993 
0 63814 0 0 0 186 0 0 49700 5 5 0 0 0 0 994 994 
0 63817 0 0 0 183 0 0 49750 5 5 0 0 0 0 995 995 
0 63818 0 0 0 182 0 0 49800 6 6 0 0 0 0 996 996 
0 63812 0 0 0 188 0 0 49850 6 6 0 0 0 0 997 997 
0 63803 0 0 0 197 0 0 49900 6 6 0 0 0 0 998 998 
0 63803 0 0 0 197 0 0 49950 5 5 0 0 0 0 999 999 
0 63813 0 0 0 187 0 0 50000 6 6 0 0 0 0 1000 1000 
